City, X, Y
1, 70, 41
2, 92, 36
3, 85, 33
4, 69, 78
5, 83, 21
6, 90, 58
7, 23, 23
8, 37, 45
9, 74, 98
10, 77, 29
11, 10, 71
12, 98, 26
13, 69, 80
14, 51, 47
15, 96, 57
16, 22, 73
17, 47, 92
18, 68, 1
19, 51, 97
20, 13, 37
21, 54, 65
22, 52, 65
23, 4, 24
24, 56, 5
25, 37, 33
26, 96, 59
27, 70, 93
28, 78, 94
29, 58, 88
30, 77, 16
31, 75, 93
32, 86, 64
33, 55, 3
34, 93, 27
35, 14, 12
36, 62, 13
37, 39, 40
38, 76, 4
39, 22, 71
40, 33, 49
41, 28, 98
42, 53, 51
43, 48, 43
44, 14, 41
45, 46, 83
46, 61, 14
47, 56, 77
48, 37, 17
49, 9, 52
50, 57, 71
51, 91, 8
52, 35, 67
53, 85, 18
54, 90, 94
55, 7, 74
56, 62, 62
57, 35, 55
58, 96, 87
59, 57, 30
60, 6, 73
61, 47, 99
62, 56, 15
63, 69, 43
64, 30, 45
65, 88, 17
66, 49, 34
67, 88, 65
68, 30, 22
69, 45, 26
70, 72, 66
71, 4, 36
72, 7, 26
73, 64, 15
74, 45, 71
75, 84, 0
76, 74, 71
77, 42, 58
78, 50, 87
79, 76, 63
80, 51, 79
81, 15, 72
82, 38, 99
83, 10, 4
84, 80, 100
85, 58, 38
86, 91, 55
87, 27, 0
88, 66, 13
89, 89, 72
90, 92, 95
91, 64, 48
92, 29, 79
93, 12, 92
94, 2, 82
95, 71, 15
96, 85, 53
97, 26, 23
98, 48, 35
99, 68, 60
100, 10, 89
101, 40, 80
102, 46, 57
103, 82, 31
104, 75, 54
105, 63, 59
106, 59, 0
107, 17, 57
108, 14, 74
109, 7, 23
110, 61, 21
111, 65, 36
112, 56, 89
113, 83, 99
114, 25, 75
115, 81, 94
116, 74, 91
117, 3, 62
118, 26, 90
119, 3, 33
120, 74, 49
121, 11, 86
122, 15, 70
123, 55, 15
124, 60, 35
125, 39, 46
126, 84, 43
127, 40, 60
128, 41, 38
129, 30, 20
130, 80, 24
131, 25, 43
132, 84, 5
133, 94, 28
134, 68, 40
135, 28, 23
136, 35, 42
137, 20, 30
138, 87, 13
139, 40, 64
140, 98, 14
141, 98, 67
142, 63, 49
143, 8, 44
144, 53, 43
145, 39, 59
146, 3, 27
147, 9, 12
148, 10, 69
149, 37, 24
150, 27, 17
151, 94, 40
152, 75, 70
153, 8, 25
154, 50, 78
155, 33, 34
156, 15, 92
157, 4, 3
158, 59, 58
159, 51, 70
160, 89, 5
161, 35, 5
162, 26, 39
163, 75, 0
164, 60, 60
165, 42, 59
166, 0, 90
167, 69, 2
168, 9, 55
169, 4, 75
170, 2, 61
171, 92, 57
172, 59, 75
173, 45, 94
174, 36, 97
175, 15, 46
176, 1, 69
177, 22, 77
178, 7, 88
179, 27, 75
180, 44, 54
181, 79, 50
182, 85, 22
183, 95, 97
184, 47, 87
185, 7, 94
186, 59, 19
187, 79, 36
188, 36, 71
189, 96, 39
190, 4, 21
191, 78, 7
192, 65, 45
193, 83, 44
194, 93, 30
195, 34, 59
196, 32, 19
197, 56, 27
198, 37, 50
199, 11, 98
200, 55, 33
201, 73, 14
202, 52, 75
203, 9, 91
204, 88, 38
205, 20, 81
206, 53, 88
207, 90, 2
208, 10, 34
209, 91, 13
210, 44, 90
211, 51, 32
212, 84, 85
213, 33, 60
214, 1, 56
215, 92, 5
216, 52, 28
217, 56, 20
218, 7, 2
219, 75, 44
220, 56, 5
221, 62, 52
222, 71, 56
223, 51, 88
224, 68, 28
225, 76, 88
226, 95, 71
227, 89, 52
228, 75, 46
229, 97, 33
230, 78, 60
231, 1, 77
232, 4, 44
233, 28, 27
234, 7, 90
235, 19, 80
236, 73, 53
237, 76, 82
238, 32, 39
239, 82, 88
240, 52, 81
241, 31, 58
242, 45, 81
243, 58, 83
244, 9, 37
245, 41, 97
246, 39, 4
247, 71, 93
248, 45, 72
249, 13, 87
250, 71, 27
251, 11, 24
252, 48, 32
253, 3, 27
254, 73, 15
255, 74, 70
256, 3, 34
257, 35, 72
258, 59, 3
259, 76, 54
260, 3, 9
261, 2, 98
262, 41, 57
263, 14, 38
264, 5, 44
265, 29, 21
266, 56, 51
267, 97, 66
268, 74, 90
269, 8, 1
270, 92, 13
271, 64, 18
272, 10, 22
273, 7, 36
274, 69, 96
275, 77, 23
276, 56, 55
277, 82, 18
278, 91, 31
279, 60, 92
280, 76, 79
281, 91, 32
282, 27, 23
283, 1, 1
284, 76, 7
285, 41, 18
286, 6, 72
287, 68, 13
288, 22, 95
289, 44, 100
290, 100, 89
291, 42, 87
292, 75, 67
293, 9, 100
294, 32, 5
295, 92, 19
296, 60, 50
297, 17, 72
298, 81, 65
299, 70, 70
300, 61, 32
301, 68, 62
302, 50, 48
303, 46, 81
304, 20, 92
305, 66, 100
306, 92, 75
307, 54, 7
308, 31, 73
309, 79, 91
310, 69, 44
311, 57, 5
312, 20, 100
313, 98, 61
314, 24, 48
315, 60, 70
316, 81, 44
317, 49, 31
318, 76, 25
319, 44, 6
320, 58, 21
321, 56, 5
322, 44, 4
323, 4, 72
324, 15, 20
325, 89, 85
326, 70, 16
327, 13, 86
328, 34, 83
329, 23, 83
330, 5, 48
331, 80, 52
332, 13, 2
333, 91, 27
334, 59, 54
335, 26, 30
336, 88, 31
337, 24, 38
338, 70, 32
339, 79, 75
340, 67, 36
341, 39, 49
342, 67, 4
343, 79, 6
344, 86, 45
345, 11, 16
346, 100, 64
347, 48, 62
348, 61, 99
349, 76, 49
350, 15, 51
351, 77, 30
352, 20, 91
353, 15, 17
354, 59, 1
355, 63, 62
356, 36, 64
357, 100, 9
358, 99, 37
359, 6, 40
360, 45, 14
361, 16, 15
362, 89, 69
363, 76, 15
364, 78, 28
365, 82, 36
366, 66, 25
367, 44, 66
368, 57, 81
369, 44, 85
370, 0, 90
371, 37, 12
372, 19, 52
373, 17, 89
374, 3, 62
375, 61, 15
376, 93, 85
377, 55, 5
378, 9, 19
379, 95, 51
380, 73, 68
381, 72, 78
382, 12, 18
383, 15, 34
384, 70, 19
385, 58, 59
386, 54, 74
387, 3, 66
388, 12, 56
389, 32, 82
390, 57, 70
391, 98, 49
392, 37, 66
393, 9, 23
394, 38, 74
395, 58, 2
396, 37, 56
397, 37, 30
398, 23, 92
399, 43, 4
400, 5, 31
401, 88, 92
402, 94, 95
403, 41, 38
404, 65, 68
405, 89, 31
406, 0, 51
407, 90, 93
408, 56, 96
409, 56, 80
410, 40, 45
411, 51, 78
412, 74, 54
413, 7, 46
414, 13, 54
415, 75, 71
416, 16, 84
417, 21, 52
418, 93, 49
419, 56, 94
420, 29, 58
421, 51, 94
422, 35, 91
423, 36, 1
424, 20, 0
425, 67, 91
426, 51, 67
427, 25, 95
428, 1, 26
429, 16, 12
430, 61, 63
431, 52, 35
432, 59, 86
433, 25, 80
434, 79, 99
435, 25, 75
436, 42, 42
437, 91, 53
438, 63, 58
439, 4, 70
440, 84, 30
441, 56, 87
442, 94, 70
443, 81, 28
444, 45, 91
445, 14, 74
446, 62, 33
447, 71, 97
448, 95, 19
449, 5, 1
450, 98, 92
451, 10, 89
452, 51, 86
453, 74, 99
454, 45, 86
455, 85, 5
456, 87, 78
457, 15, 8
458, 35, 46
459, 26, 17
460, 85, 100
461, 44, 29
462, 0, 49
463, 92, 19
464, 4, 57
465, 27, 86
466, 80, 68
467, 2, 24
468, 10, 31
469, 27, 81
470, 44, 64
471, 39, 27
472, 25, 25
473, 15, 6
474, 0, 41
475, 17, 39
476, 10, 67
477, 100, 30
478, 96, 29
479, 53, 79
480, 59, 84
481, 98, 75
482, 25, 4
483, 35, 31
484, 41, 32
485, 57, 57
486, 66, 75
487, 48, 61
488, 66, 10
489, 37, 59
490, 90, 56
491, 40, 10
492, 6, 11
493, 28, 19
494, 69, 58
495, 12, 22
496, 45, 95
497, 12, 98
498, 0, 29
499, 89, 58
500, 2, 47
